n_candidates=821 n_selected=634 n_removed=187
time_ms_mean=3.55696 time_ms_std=0.0159629 time_ms_median=3.55431 time_ms_p95=3.60523
events_per_sec=281.139
peak_memory_mb=15.5
output_hash=12823591615750219156
