n_candidates=154 n_selected=145 n_removed=9
time_ms_mean=0.465869 time_ms_std=0.0119335 time_ms_median=0.463156 time_ms_p95=0.507129
events_per_sec=2146.53
peak_memory_mb=14.5
output_hash=3883859983489463188
