n_candidates=602 n_selected=318 n_removed=284
time_ms_mean=2.86914 time_ms_std=0.0436961 time_ms_median=2.84933 time_ms_p95=2.96359
events_per_sec=348.536
peak_memory_mb=13
output_hash=13625381087016553137
