n_candidates=1167 n_selected=840 n_removed=327
time_ms_mean=5.75941 time_ms_std=0.312179 time_ms_median=5.6947 time_ms_p95=7.11757
events_per_sec=173.629
peak_memory_mb=16
output_hash=8567206790244965229
