n_candidates=307 n_selected=272 n_removed=35
time_ms_mean=1.05157 time_ms_std=0.0237901 time_ms_median=1.04305 time_ms_p95=1.14135
events_per_sec=950.955
peak_memory_mb=14
output_hash=7045807647317660439
