backend=gpu
n_it_max=100
adaptive_n_it=true
reuse_eviction_graph=true
n_candidates=1167 n_selected=442 n_removed=725
time_ms_mean=17.3163 time_ms_std=0.038331 time_ms_median=17.3103 time_ms_p95=17.4373
events_per_sec=57.7491
peak_memory_mb=122.316
output_hash=12417706988676069117
time_h2d_ms=5.33599
time_d2h_ms=0.217297
cpu_hash=12417706988676069117
gpu_hash=12417706988676069117
hash_match=true
