backend=gpu
n_it_max=100
adaptive_n_it=true
reuse_eviction_graph=true
n_candidates=1770 n_selected=543 n_removed=1227
time_ms_mean=25.1976 time_ms_std=0.0371354 time_ms_median=25.2032 time_ms_p95=25.2755
events_per_sec=39.6863
peak_memory_mb=128.293
output_hash=17258428537199380551
time_h2d_ms=7.80206
time_d2h_ms=0.075872
cpu_hash=17258428537199380551
gpu_hash=17258428537199380551
hash_match=true
