backend=gpu
n_it_max=100
adaptive_n_it=true
reuse_eviction_graph=true
n_candidates=821 n_selected=634 n_removed=187
time_ms_mean=7.39271 time_ms_std=0.0164343 time_ms_median=7.39135 time_ms_p95=7.42381
events_per_sec=135.268
peak_memory_mb=117.293
output_hash=12823591615750219156
time_h2d_ms=4.68892
time_d2h_ms=0.255789
cpu_hash=12823591615750219156
gpu_hash=12823591615750219156
hash_match=true
