backend=gpu
n_it_max=100
adaptive_n_it=true
reuse_eviction_graph=true
n_candidates=56 n_selected=55 n_removed=1
time_ms_mean=1.51241 time_ms_std=0.0217863 time_ms_median=1.50618 time_ms_p95=1.60141
events_per_sec=661.196
peak_memory_mb=115.961
output_hash=3304185124187195338
time_h2d_ms=1.67395
time_d2h_ms=0.062046
cpu_hash=3304185124187195338
gpu_hash=3304185124187195338
hash_match=true
