backend=gpu
n_it_max=100
adaptive_n_it=true
reuse_eviction_graph=true
n_candidates=154 n_selected=145 n_removed=9
time_ms_mean=2.01672 time_ms_std=0.0120106 time_ms_median=2.01192 time_ms_p95=2.04869
events_per_sec=495.855
peak_memory_mb=119.098
output_hash=3883859983489463188
time_h2d_ms=2.07918
time_d2h_ms=0.088295
cpu_hash=3883859983489463188
gpu_hash=3883859983489463188
hash_match=true
