backend=gpu
n_it_max=100
adaptive_n_it=true
reuse_eviction_graph=true
n_candidates=602 n_selected=486 n_removed=116
time_ms_mean=5.52141 time_ms_std=0.188565 time_ms_median=5.63293 time_ms_p95=5.68889
events_per_sec=181.113
peak_memory_mb=124.238
output_hash=9620283133769553963
time_h2d_ms=3.85516
time_d2h_ms=0.24021
cpu_hash=9620283133769553963
gpu_hash=9620283133769553963
hash_match=true
