backend=gpu
n_it_max=100
adaptive_n_it=true
reuse_eviction_graph=true
n_candidates=1167 n_selected=840 n_removed=327
time_ms_mean=9.01371 time_ms_std=0.0137021 time_ms_median=9.012 time_ms_p95=9.04473
events_per_sec=110.942
peak_memory_mb=119.035
output_hash=8567206790244965229
time_h2d_ms=6.09686
time_d2h_ms=0.331189
cpu_hash=8567206790244965229
gpu_hash=8567206790244965229
hash_match=true
