backend=gpu
n_it_max=100
adaptive_n_it=true
reuse_eviction_graph=true
n_candidates=1770 n_selected=1129 n_removed=641
time_ms_mean=13.3774 time_ms_std=0.0362768 time_ms_median=13.3798 time_ms_p95=13.4812
events_per_sec=74.753
peak_memory_mb=121.848
output_hash=6135446608307773964
time_h2d_ms=8.74578
time_d2h_ms=0.42763
cpu_hash=6135446608307773964
gpu_hash=6135446608307773964
hash_match=true
