backend=gpu
n_it_max=100
adaptive_n_it=true
reuse_eviction_graph=true
n_candidates=56 n_selected=52 n_removed=4
time_ms_mean=1.59284 time_ms_std=0.0116498 time_ms_median=1.59115 time_ms_p95=1.62153
events_per_sec=627.808
peak_memory_mb=114.004
output_hash=10049696915718664387
time_h2d_ms=0.820555
time_d2h_ms=0.061646
cpu_hash=10049696915718664387
gpu_hash=10049696915718664387
hash_match=true
