backend=gpu
n_it_max=100
adaptive_n_it=true
reuse_eviction_graph=true
n_candidates=307 n_selected=272 n_removed=35
time_ms_mean=3.30674 time_ms_std=0.0158848 time_ms_median=3.30738 time_ms_p95=3.35469
events_per_sec=302.413
peak_memory_mb=121.98
output_hash=7045807647317660439
time_h2d_ms=2.7234
time_d2h_ms=0.141424
cpu_hash=7045807647317660439
gpu_hash=7045807647317660439
hash_match=true
