backend=gpu
n_it_max=100
adaptive_n_it=true
reuse_eviction_graph=true
n_candidates=307 n_selected=202 n_removed=105
time_ms_mean=6.18114 time_ms_std=0.188957 time_ms_median=6.19134 time_ms_p95=6.5521
events_per_sec=161.782
peak_memory_mb=117.383
output_hash=15417004588032831796
time_h2d_ms=1.89282
time_d2h_ms=0.120044
cpu_hash=15417004588032831796
gpu_hash=15417004588032831796
hash_match=true
