backend=gpu
n_it_max=100
adaptive_n_it=true
reuse_eviction_graph=true
n_candidates=154 n_selected=124 n_removed=30
time_ms_mean=3.06844 time_ms_std=0.0128376 time_ms_median=3.07024 time_ms_p95=3.10015
events_per_sec=325.899
peak_memory_mb=121.387
output_hash=15209695609818107582
time_h2d_ms=1.24705
time_d2h_ms=0.088235
cpu_hash=15209695609818107582
gpu_hash=15209695609818107582
hash_match=true
