n_candidates=56 n_selected=55 n_removed=1
time_ms_mean=0.186043 time_ms_std=0.00626563 time_ms_median=0.183674 time_ms_p95=0.204563
events_per_sec=5375.09
peak_memory_mb=14.5
output_hash=3304185124187195338
