n_candidates=821 n_selected=634 n_removed=187
time_ms_mean=3.55541 time_ms_std=0.0327442 time_ms_median=3.55061 time_ms_p95=3.62963
events_per_sec=281.261
peak_memory_mb=15.5
output_hash=12823591615750219156
