n_candidates=307 n_selected=272 n_removed=35
time_ms_mean=1.07892 time_ms_std=0.0308944 time_ms_median=1.06512 time_ms_p95=1.16083
events_per_sec=926.854
peak_memory_mb=15
output_hash=7045807647317660439
