n_candidates=602 n_selected=486 n_removed=116
time_ms_mean=2.40432 time_ms_std=0.0237831 time_ms_median=2.395 time_ms_p95=2.48416
events_per_sec=415.919
peak_memory_mb=15
output_hash=9620283133769553963
