backend=gpu
n_it_max=100
adaptive_n_it=true
reuse_eviction_graph=false
n_candidates=602 n_selected=318 n_removed=284
time_ms_mean=10.9179 time_ms_std=0.180075 time_ms_median=11.0011 time_ms_p95=11.0433
events_per_sec=91.5928
peak_memory_mb=114.836
output_hash=13625381087016553137
time_h2d_ms=3.04248
time_d2h_ms=0.151523
cpu_hash=13625381087016553137
gpu_hash=13625381087016553137
hash_match=true
