backend=gpu
n_it_max=100
adaptive_n_it=true
reuse_eviction_graph=false
n_candidates=1770 n_selected=1129 n_removed=641
time_ms_mean=13.5367 time_ms_std=0.0208985 time_ms_median=13.535 time_ms_p95=13.5768
events_per_sec=73.8734
peak_memory_mb=121.852
output_hash=6135446608307773964
time_h2d_ms=8.56064
time_d2h_ms=0.455863
cpu_hash=6135446608307773964
gpu_hash=6135446608307773964
hash_match=true
