backend=gpu
n_it_max=100
adaptive_n_it=true
reuse_eviction_graph=false
n_candidates=307 n_selected=272 n_removed=35
time_ms_mean=3.28088 time_ms_std=0.0146818 time_ms_median=3.28302 time_ms_p95=3.30551
events_per_sec=304.797
peak_memory_mb=117.441
output_hash=7045807647317660439
time_h2d_ms=2.78151
time_d2h_ms=0.1548
cpu_hash=7045807647317660439
gpu_hash=7045807647317660439
hash_match=true
