backend=gpu
n_it_max=100
adaptive_n_it=true
reuse_eviction_graph=false
n_candidates=154 n_selected=145 n_removed=9
time_ms_mean=2.02227 time_ms_std=0.0214863 time_ms_median=2.01781 time_ms_p95=2.0903
events_per_sec=494.495
peak_memory_mb=117.074
output_hash=3883859983489463188
time_h2d_ms=2.27863
time_d2h_ms=0.112741
cpu_hash=3883859983489463188
gpu_hash=3883859983489463188
hash_match=true
