backend=gpu
n_it_max=100
adaptive_n_it=true
reuse_eviction_graph=false
n_candidates=821 n_selected=634 n_removed=187
time_ms_mean=7.449 time_ms_std=0.0318922 time_ms_median=7.44361 time_ms_p95=7.56219
events_per_sec=134.246
peak_memory_mb=118.223
output_hash=12823591615750219156
time_h2d_ms=4.82643
time_d2h_ms=0.273401
cpu_hash=12823591615750219156
gpu_hash=12823591615750219156
hash_match=true
