backend=gpu
n_it_max=100
adaptive_n_it=true
reuse_eviction_graph=false
n_candidates=1000 n_selected=19 n_removed=981
time_ms_mean=8.13683 time_ms_std=0.023366 time_ms_median=8.12494 time_ms_p95=8.1774
events_per_sec=122.898
peak_memory_mb=114.809
output_hash=716476003969489001
time_h2d_ms=4.71867
time_d2h_ms=0.040105
cpu_hash=716476003969489001
gpu_hash=716476003969489001
hash_match=true
