backend=gpu
n_it_max=100
adaptive_n_it=true
reuse_eviction_graph=false
n_candidates=5000 n_selected=17 n_removed=4983
time_ms_mean=24.4135 time_ms_std=6.18403 time_ms_median=26.9212 time_ms_p95=33.6846
events_per_sec=40.961
peak_memory_mb=117.453
output_hash=9013800189151291628
time_h2d_ms=20.4603
time_d2h_ms=0.043942
cpu_hash=9013800189151291628
gpu_hash=9013800189151291628
hash_match=true
