backend=gpu
n_it_max=100
adaptive_n_it=true
reuse_eviction_graph=false
n_candidates=5000 n_selected=2070 n_removed=2930
time_ms_mean=36.8391 time_ms_std=7.75639 time_ms_median=34.5813 time_ms_p95=60.008
events_per_sec=27.1451
peak_memory_mb=123.719
output_hash=6886201732410547882
time_h2d_ms=23.2211
time_d2h_ms=0.765021
cpu_hash=6886201732410547882
gpu_hash=6886201732410547882
hash_match=true
