backend=gpu
n_it_max=100
adaptive_n_it=true
reuse_eviction_graph=false
n_candidates=5000 n_selected=623 n_removed=4377
time_ms_mean=40.7523 time_ms_std=8.92932 time_ms_median=36.4826 time_ms_p95=58.4151
events_per_sec=24.5385
peak_memory_mb=130.727
output_hash=12254241320129741353
time_h2d_ms=24.9398
time_d2h_ms=0.078767
cpu_hash=12254241320129741353
gpu_hash=12254241320129741353
hash_match=true
