backend=gpu
n_it_max=100
adaptive_n_it=true
reuse_eviction_graph=true
n_candidates=10000 n_selected=2683 n_removed=7317
time_ms_mean=33.4479 time_ms_std=0.0250104 time_ms_median=33.4493 time_ms_p95=33.5097
events_per_sec=29.8972
peak_memory_mb=130.273
output_hash=15097454917468601085
time_h2d_ms=41.6827
time_d2h_ms=0.253044
cpu_hash=15097454917468601085
gpu_hash=15097454917468601085
hash_match=true
