backend=gpu
n_it_max=100
adaptive_n_it=true
reuse_eviction_graph=true
n_candidates=1000 n_selected=19 n_removed=981
time_ms_mean=7.89415 time_ms_std=0.0121208 time_ms_median=7.89136 time_ms_p95=7.91933
events_per_sec=126.676
peak_memory_mb=113.883
output_hash=716476003969489001
time_h2d_ms=4.47061
time_d2h_ms=0.040696
cpu_hash=716476003969489001
gpu_hash=716476003969489001
hash_match=true
