backend=gpu
n_it_max=100
adaptive_n_it=true
reuse_eviction_graph=true
n_candidates=5000 n_selected=2070 n_removed=2930
time_ms_mean=25.8652 time_ms_std=0.0240188 time_ms_median=25.8632 time_ms_p95=25.9034
events_per_sec=38.662
peak_memory_mb=123.719
output_hash=6886201732410547882
time_h2d_ms=21.0299
time_d2h_ms=0.756575
cpu_hash=6886201732410547882
gpu_hash=6886201732410547882
hash_match=true
