n_candidates=154 n_selected=124 n_removed=30
time_ms_mean=0.501978 time_ms_std=0.0102638 time_ms_median=0.500447 time_ms_p95=0.539289
events_per_sec=1992.12
peak_memory_mb=12.5
output_hash=15209695609818107582
