n_candidates=307 n_selected=202 n_removed=105
time_ms_mean=1.19283 time_ms_std=0.0228784 time_ms_median=1.18641 time_ms_p95=1.28314
events_per_sec=838.345
peak_memory_mb=12.5
output_hash=15417004588032831796
