n_candidates=56 n_selected=52 n_removed=4
time_ms_mean=0.171699 time_ms_std=0.00552987 time_ms_median=0.169567 time_ms_p95=0.184765
events_per_sec=5824.14
peak_memory_mb=12
output_hash=10049696915718664387
