n_candidates=602 n_selected=318 n_removed=284
time_ms_mean=2.87958 time_ms_std=0.0409768 time_ms_median=2.87235 time_ms_p95=2.97707
events_per_sec=347.273
peak_memory_mb=13
output_hash=13625381087016553137
