n_candidates=154 n_selected=145 n_removed=9
time_ms_mean=0.479018 time_ms_std=0.0123089 time_ms_median=0.473947 time_ms_p95=0.521605
events_per_sec=2087.6
peak_memory_mb=13.5
output_hash=3883859983489463188
