n_candidates=56 n_selected=55 n_removed=1
time_ms_mean=0.170913 time_ms_std=0.00628323 time_ms_median=0.169116 time_ms_p95=0.187391
events_per_sec=5850.92
peak_memory_mb=14.5
output_hash=3304185124187195338
