backend=gpu
n_it_max=100
adaptive_n_it=true
reuse_eviction_graph=true
n_candidates=154 n_selected=145 n_removed=9
time_ms_mean=2.01478 time_ms_std=0.0112554 time_ms_median=2.01399 time_ms_p95=2.04269
events_per_sec=496.333
peak_memory_mb=115.969
output_hash=3883859983489463188
time_h2d_ms=2.05765
time_d2h_ms=0.093455
cpu_hash=3883859983489463188
gpu_hash=3883859983489463188
hash_match=true
