backend=gpu
n_it_max=100
adaptive_n_it=true
reuse_eviction_graph=true
n_candidates=56 n_selected=52 n_removed=4
time_ms_mean=1.59186 time_ms_std=0.00960174 time_ms_median=1.59025 time_ms_p95=1.61679
events_per_sec=628.197
peak_memory_mb=113.574
output_hash=10049696915718664387
time_h2d_ms=0.859618
time_d2h_ms=0.068117
cpu_hash=10049696915718664387
gpu_hash=10049696915718664387
hash_match=true
