backend=gpu
n_it_max=100
adaptive_n_it=true
reuse_eviction_graph=true
n_candidates=1167 n_selected=840 n_removed=327
time_ms_mean=9.03815 time_ms_std=0.015268 time_ms_median=9.03902 time_ms_p95=9.06669
events_per_sec=110.642
peak_memory_mb=119.039
output_hash=8567206790244965229
time_h2d_ms=6.05657
time_d2h_ms=0.335538
cpu_hash=8567206790244965229
gpu_hash=8567206790244965229
hash_match=true
