backend=gpu
n_it_max=100
adaptive_n_it=true
reuse_eviction_graph=true
n_candidates=56 n_selected=55 n_removed=1
time_ms_mean=1.49189 time_ms_std=0.00869013 time_ms_median=1.49204 time_ms_p95=1.51316
events_per_sec=670.291
peak_memory_mb=116.723
output_hash=3304185124187195338
time_h2d_ms=1.67187
time_d2h_ms=0.063959
cpu_hash=3304185124187195338
gpu_hash=3304185124187195338
hash_match=true
