backend=gpu
n_it_max=100
adaptive_n_it=true
reuse_eviction_graph=true
n_candidates=602 n_selected=318 n_removed=284
time_ms_mean=10.3693 time_ms_std=0.0173323 time_ms_median=10.372 time_ms_p95=10.4035
events_per_sec=96.4386
peak_memory_mb=114.828
output_hash=13625381087016553137
time_h2d_ms=2.98531
time_d2h_ms=0.174206
cpu_hash=13625381087016553137
gpu_hash=13625381087016553137
hash_match=true
