backend=gpu
n_it_max=100
adaptive_n_it=true
reuse_eviction_graph=true
n_candidates=154 n_selected=124 n_removed=30
time_ms_mean=3.07581 time_ms_std=0.0098251 time_ms_median=3.07392 time_ms_p95=3.09848
events_per_sec=325.118
peak_memory_mb=114.113
output_hash=15209695609818107582
time_h2d_ms=1.23636
time_d2h_ms=0.083236
cpu_hash=15209695609818107582
gpu_hash=15209695609818107582
hash_match=true
