backend=gpu
n_it_max=100
adaptive_n_it=true
reuse_eviction_graph=true
n_candidates=307 n_selected=272 n_removed=35
time_ms_mean=3.31507 time_ms_std=0.0128594 time_ms_median=3.31312 time_ms_p95=3.3548
events_per_sec=301.653
peak_memory_mb=119.699
output_hash=7045807647317660439
time_h2d_ms=2.74233
time_d2h_ms=0.140212
cpu_hash=7045807647317660439
gpu_hash=7045807647317660439
hash_match=true
