backend=gpu
n_it_max=100
adaptive_n_it=true
reuse_eviction_graph=true
n_candidates=821 n_selected=376 n_removed=445
time_ms_mean=14.2188 time_ms_std=0.0182069 time_ms_median=14.2223 time_ms_p95=14.2627
events_per_sec=70.3295
peak_memory_mb=120.605
output_hash=2333376248841611569
time_h2d_ms=3.8494
time_d2h_ms=0.185577
cpu_hash=2333376248841611569
gpu_hash=2333376248841611569
hash_match=true
