backend=gpu
n_candidates=1000 n_selected=413 n_removed=587
time_ms_mean=16.9972 time_ms_std=0.382484 time_ms_median=17.1579 time_ms_p95=17.5974
events_per_sec=58.8334
peak_memory_mb=130.648
output_hash=8459361907627476446
time_h2d_ms=4.51014
time_d2h_ms=0.199303
cpu_hash=8459361907627476446
gpu_hash=8459361907627476446
hash_match=true
