backend=gpu
n_candidates=10000 n_selected=20 n_removed=9980
time_ms_mean=21.0389 time_ms_std=0.193333 time_ms_median=20.994 time_ms_p95=21.5489
events_per_sec=47.5309
peak_memory_mb=133.898
output_hash=1828567657085137221
time_h2d_ms=41.5604
time_d2h_ms=0.045264
cpu_hash=1828567657085137221
gpu_hash=1828567657085137221
hash_match=true
