backend=gpu
n_candidates=10000 n_selected=2683 n_removed=7317
time_ms_mean=34.1937 time_ms_std=0.186578 time_ms_median=34.1104 time_ms_p95=34.6333
events_per_sec=29.2452
peak_memory_mb=141.816
output_hash=15097454917468601085
time_h2d_ms=41.6384
time_d2h_ms=0.18746
cpu_hash=15097454917468601085
gpu_hash=15097454917468601085
hash_match=true
