backend=gpu
n_candidates=1000 n_selected=19 n_removed=981
time_ms_mean=8.18229 time_ms_std=0.133418 time_ms_median=8.17071 time_ms_p95=8.54922
events_per_sec=122.215
peak_memory_mb=126.512
output_hash=716476003969489001
time_h2d_ms=4.51409
time_d2h_ms=0.039524
cpu_hash=716476003969489001
gpu_hash=716476003969489001
hash_match=true
