backend=gpu
n_candidates=1000 n_selected=744 n_removed=256
time_ms_mean=9.75371 time_ms_std=0.141032 time_ms_median=9.72715 time_ms_p95=10.1386
events_per_sec=102.525
peak_memory_mb=141.355
output_hash=3455467726349387271
time_h2d_ms=5.46248
time_d2h_ms=0.308247
cpu_hash=3455467726349387271
gpu_hash=3455467726349387271
hash_match=true
