backend=gpu
n_candidates=5000 n_selected=2070 n_removed=2930
time_ms_mean=26.6112 time_ms_std=0.206081 time_ms_median=26.5589 time_ms_p95=27.161
events_per_sec=37.5782
peak_memory_mb=140.051
output_hash=6886201732410547882
time_h2d_ms=20.9659
time_d2h_ms=0.771373
cpu_hash=6886201732410547882
gpu_hash=6886201732410547882
hash_match=true
