backend=gpu
n_candidates=5000 n_selected=623 n_removed=4377
time_ms_mean=34.8343 time_ms_std=0.197864 time_ms_median=34.8395 time_ms_p95=35.3639
events_per_sec=28.7074
peak_memory_mb=135.68
output_hash=12254241320129741353
time_h2d_ms=21.2161
time_d2h_ms=0.072155
cpu_hash=12254241320129741353
gpu_hash=12254241320129741353
hash_match=true
