backend=gpu
n_candidates=5000 n_selected=17 n_removed=4983
time_ms_mean=13.379 time_ms_std=0.10601 time_ms_median=13.3759 time_ms_p95=13.592
events_per_sec=74.7441
peak_memory_mb=128.555
output_hash=9013800189151291628
time_h2d_ms=20.4635
time_d2h_ms=0.040696
cpu_hash=9013800189151291628
gpu_hash=9013800189151291628
hash_match=true
