backend=gpu
n_candidates=10000 n_selected=20 n_removed=9980
time_ms_mean=21.091 time_ms_std=0.201132 time_ms_median=21.0568 time_ms_p95=21.6246
events_per_sec=47.4136
peak_memory_mb=133.773
output_hash=1828567657085137221
time_h2d_ms=41.4496
time_d2h_ms=0.046226
cpu_hash=1828567657085137221
gpu_hash=1828567657085137221
hash_match=true
