backend=gpu
n_candidates=1000 n_selected=413 n_removed=587
time_ms_mean=18.6085 time_ms_std=0.733187 time_ms_median=18.9947 time_ms_p95=19.4861
events_per_sec=53.7388
peak_memory_mb=134.906
output_hash=8459361907627476446
time_h2d_ms=4.62167
time_d2h_ms=0.194985
cpu_hash=8459361907627476446
gpu_hash=8459361907627476446
hash_match=true
