backend=gpu
n_candidates=1000 n_selected=744 n_removed=256
time_ms_mean=10.4219 time_ms_std=0.491912 time_ms_median=10.5534 time_ms_p95=11.5816
events_per_sec=95.9519
peak_memory_mb=134.258
output_hash=3455467726349387271
time_h2d_ms=5.48689
time_d2h_ms=0.313427
cpu_hash=3455467726349387271
gpu_hash=3455467726349387271
hash_match=true
