backend=gpu
n_candidates=10000 n_selected=666 n_removed=9334
time_ms_mean=35.9988 time_ms_std=0.198155 time_ms_median=35.9862 time_ms_p95=36.5192
events_per_sec=27.7787
peak_memory_mb=136.191
output_hash=14346122170054636405
time_h2d_ms=41.0809
time_d2h_ms=0.106981
cpu_hash=14346122170054636405
gpu_hash=14346122170054636405
hash_match=true
