backend=gpu
n_candidates=10000 n_selected=2683 n_removed=7317
time_ms_mean=34.2488 time_ms_std=0.189402 time_ms_median=34.2742 time_ms_p95=34.7242
events_per_sec=29.1981
peak_memory_mb=151.164
output_hash=15097454917468601085
time_h2d_ms=40.9449
time_d2h_ms=0.190186
cpu_hash=15097454917468601085
gpu_hash=15097454917468601085
hash_match=true
