backend=gpu
n_candidates=1000 n_selected=19 n_removed=981
time_ms_mean=8.20461 time_ms_std=0.100647 time_ms_median=8.20793 time_ms_p95=8.45029
events_per_sec=121.883
peak_memory_mb=126.695
output_hash=716476003969489001
time_h2d_ms=4.55979
time_d2h_ms=0.042309
cpu_hash=716476003969489001
gpu_hash=716476003969489001
hash_match=true
