backend=gpu
n_candidates=5000 n_selected=623 n_removed=4377
time_ms_mean=34.9626 time_ms_std=0.189304 time_ms_median=34.9784 time_ms_p95=35.442
events_per_sec=28.602
peak_memory_mb=134.703
output_hash=12254241320129741353
time_h2d_ms=20.7773
time_d2h_ms=0.077315
cpu_hash=12254241320129741353
gpu_hash=12254241320129741353
hash_match=true
