n_candidates=154 n_selected=124 n_removed=30
time_ms_mean=0.490106 time_ms_std=0.0110039 time_ms_median=0.487142 time_ms_p95=0.531494
events_per_sec=2040.37
peak_memory_mb=12.5
output_hash=15209695609818107582
