n_candidates=1167 n_selected=840 n_removed=327
time_ms_mean=5.73301 time_ms_std=0.0381651 time_ms_median=5.72096 time_ms_p95=5.80845
events_per_sec=174.429
peak_memory_mb=16
output_hash=8567206790244965229
