n_candidates=56 n_selected=52 n_removed=4
time_ms_mean=0.169624 time_ms_std=0.0080448 time_ms_median=0.167082 time_ms_p95=0.201918
events_per_sec=5895.4
peak_memory_mb=12
output_hash=10049696915718664387
