n_candidates=307 n_selected=202 n_removed=105
time_ms_mean=1.17323 time_ms_std=0.0213895 time_ms_median=1.16772 time_ms_p95=1.25959
events_per_sec=852.346
peak_memory_mb=12.5
output_hash=15417004588032831796
