n_candidates=154 n_selected=145 n_removed=9
time_ms_mean=0.467771 time_ms_std=0.0120422 time_ms_median=0.4651 time_ms_p95=0.514513
events_per_sec=2137.8
peak_memory_mb=14.5
output_hash=3883859983489463188
