n_candidates=307 n_selected=272 n_removed=35
time_ms_mean=1.0656 time_ms_std=0.0226737 time_ms_median=1.05858 time_ms_p95=1.15982
events_per_sec=938.441
peak_memory_mb=15
output_hash=7045807647317660439
