backend=gpu
n_it_max=100
adaptive_n_it=true
reuse_eviction_graph=false
n_candidates=56 n_selected=55 n_removed=1
time_ms_mean=1.49642 time_ms_std=0.00945797 time_ms_median=1.49647 time_ms_p95=1.5284
events_per_sec=668.261
peak_memory_mb=127.57
output_hash=3304185124187195338
time_h2d_ms=4.3087
time_d2h_ms=0.065112
cpu_hash=3304185124187195338
gpu_hash=3304185124187195338
hash_match=true
