backend=gpu
n_it_max=100
adaptive_n_it=true
reuse_eviction_graph=false
n_candidates=154 n_selected=124 n_removed=30
time_ms_mean=2.70629 time_ms_std=0.0615814 time_ms_median=2.67428 time_ms_p95=2.83542
events_per_sec=369.51
peak_memory_mb=119.375
output_hash=15209695609818107582
time_h2d_ms=5.82608
time_d2h_ms=0.077545
cpu_hash=15209695609818107582
gpu_hash=15209695609818107582
hash_match=true
