backend=gpu
n_it_max=100
adaptive_n_it=true
reuse_eviction_graph=false
n_candidates=154 n_selected=145 n_removed=9
time_ms_mean=8.23891 time_ms_std=7.80037 time_ms_median=1.93224 time_ms_p95=19.6688
events_per_sec=121.375
peak_memory_mb=118.598
output_hash=3883859983489463188
time_h2d_ms=2.32107
time_d2h_ms=0.086752
cpu_hash=3883859983489463188
gpu_hash=3883859983489463188
hash_match=true
