backend=gpu
n_it_max=100
adaptive_n_it=true
reuse_eviction_graph=false
n_candidates=1167 n_selected=840 n_removed=327
time_ms_mean=17.5658 time_ms_std=8.82701 time_ms_median=15.5334 time_ms_p95=31.5427
events_per_sec=56.9287
peak_memory_mb=125.613
output_hash=8567206790244965229
time_h2d_ms=6.02763
time_d2h_ms=0.364883
cpu_hash=8567206790244965229
gpu_hash=8567206790244965229
hash_match=true
