backend=gpu
n_it_max=100
adaptive_n_it=true
reuse_eviction_graph=false
n_candidates=307 n_selected=202 n_removed=105
time_ms_mean=10.2384 time_ms_std=10.262 time_ms_median=6.0235 time_ms_p95=40.4287
events_per_sec=97.6711
peak_memory_mb=125.617
output_hash=15417004588032831796
time_h2d_ms=1.84895
time_d2h_ms=0.113241
cpu_hash=15417004588032831796
gpu_hash=15417004588032831796
hash_match=true
