backend=gpu
n_it_max=100
adaptive_n_it=true
reuse_eviction_graph=false
n_candidates=307 n_selected=272 n_removed=35
time_ms_mean=17.2246 time_ms_std=10.8477 time_ms_median=24.1027 time_ms_p95=28.7242
events_per_sec=58.0564
peak_memory_mb=116.434
output_hash=7045807647317660439
time_h2d_ms=2.84316
time_d2h_ms=0.137136
cpu_hash=7045807647317660439
gpu_hash=7045807647317660439
hash_match=true
