n_candidates=307 n_selected=272 n_removed=35
time_ms_mean=1.0466 time_ms_std=0.0218496 time_ms_median=1.04092 time_ms_p95=1.14012
events_per_sec=955.474
peak_memory_mb=15
output_hash=7045807647317660439
