n_candidates=307 n_selected=202 n_removed=105
time_ms_mean=1.18256 time_ms_std=0.0259715 time_ms_median=1.17752 time_ms_p95=1.27541
events_per_sec=845.625
peak_memory_mb=12.5
output_hash=15417004588032831796
