n_candidates=154 n_selected=145 n_removed=9
time_ms_mean=0.466867 time_ms_std=0.013467 time_ms_median=0.464229 time_ms_p95=0.514413
events_per_sec=2141.94
peak_memory_mb=14.5
output_hash=3883859983489463188
