backend=gpu
n_it_max=100
adaptive_n_it=true
n_candidates=56 n_selected=52 n_removed=4
time_ms_mean=1.67495 time_ms_std=0.10403 time_ms_median=1.65235 time_ms_p95=2.07957
events_per_sec=597.032
peak_memory_mb=126.934
output_hash=10049696915718664387
time_h2d_ms=0.886789
time_d2h_ms=0.067056
cpu_hash=10049696915718664387
gpu_hash=10049696915718664387
hash_match=true
