backend=gpu
n_it_max=100
adaptive_n_it=true
n_candidates=307 n_selected=272 n_removed=35
time_ms_mean=3.39329 time_ms_std=0.102575 time_ms_median=3.37651 time_ms_p95=3.79101
events_per_sec=294.699
peak_memory_mb=127.543
output_hash=7045807647317660439
time_h2d_ms=2.70871
time_d2h_ms=0.145001
cpu_hash=7045807647317660439
gpu_hash=7045807647317660439
hash_match=true
