backend=gpu
n_it_max=100
adaptive_n_it=true
n_candidates=821 n_selected=376 n_removed=445
time_ms_mean=14.726 time_ms_std=0.19144 time_ms_median=14.6694 time_ms_p95=15.3845
events_per_sec=67.9072
peak_memory_mb=131.32
output_hash=2333376248841611569
time_h2d_ms=3.9707
time_d2h_ms=0.177763
cpu_hash=2333376248841611569
gpu_hash=2333376248841611569
hash_match=true
