backend=gpu
n_it_max=100
adaptive_n_it=true
n_candidates=821 n_selected=634 n_removed=187
time_ms_mean=7.60984 time_ms_std=0.134862 time_ms_median=7.59081 time_ms_p95=7.98973
events_per_sec=131.409
peak_memory_mb=136.555
output_hash=12823591615750219156
time_h2d_ms=4.8097
time_d2h_ms=0.298849
cpu_hash=12823591615750219156
gpu_hash=12823591615750219156
hash_match=true
