backend=gpu
n_it_max=100
adaptive_n_it=true
n_candidates=154 n_selected=124 n_removed=30
time_ms_mean=3.28507 time_ms_std=0.142919 time_ms_median=3.27857 time_ms_p95=3.64559
events_per_sec=304.408
peak_memory_mb=126.703
output_hash=15209695609818107582
time_h2d_ms=1.26148
time_d2h_ms=0.093455
cpu_hash=15209695609818107582
gpu_hash=15209695609818107582
hash_match=true
