backend=gpu
n_it_max=100
adaptive_n_it=true
n_candidates=307 n_selected=202 n_removed=105
time_ms_mean=5.80569 time_ms_std=0.14891 time_ms_median=5.77896 time_ms_p95=6.17619
events_per_sec=172.245
peak_memory_mb=139.199
output_hash=15417004588032831796
time_h2d_ms=1.84672
time_d2h_ms=0.122128
cpu_hash=15417004588032831796
gpu_hash=15417004588032831796
hash_match=true
