backend=gpu
n_it_max=100
adaptive_n_it=true
n_candidates=1770 n_selected=543 n_removed=1227
time_ms_mean=25.9548 time_ms_std=0.224255 time_ms_median=25.865 time_ms_p95=26.4882
events_per_sec=38.5285
peak_memory_mb=136.441
output_hash=17258428537199380551
time_h2d_ms=7.91637
time_d2h_ms=0.075461
cpu_hash=17258428537199380551
gpu_hash=17258428537199380551
hash_match=true
