backend=gpu
n_it_max=100
adaptive_n_it=true
n_candidates=56 n_selected=55 n_removed=1
time_ms_mean=1.58732 time_ms_std=0.103372 time_ms_median=1.5568 time_ms_p95=1.97865
events_per_sec=629.994
peak_memory_mb=140.156
output_hash=3304185124187195338
time_h2d_ms=1.92385
time_d2h_ms=0.072746
cpu_hash=3304185124187195338
gpu_hash=3304185124187195338
hash_match=true
