backend=gpu
n_it_max=5
adaptive_n_it=false
n_candidates=100 n_selected=97 n_removed=3
time_ms_mean=1.579 time_ms_std=0.047802 time_ms_median=1.58069 time_ms_p95=1.69257
events_per_sec=633.312
peak_memory_mb=138.91
output_hash=15031710749768669
time_h2d_ms=1.87771
time_d2h_ms=0.097412
cpu_hash=15031710749768669
gpu_hash=15031710749768669
hash_match=true
