backend=gpu
n_it_max=1
adaptive_n_it=false
n_candidates=10000 n_selected=2683 n_removed=7317
time_ms_mean=119.752 time_ms_std=7.55464 time_ms_median=123.737 time_ms_p95=128.548
events_per_sec=8.35061
peak_memory_mb=696.25
output_hash=15097454917468601085
time_h2d_ms=41.9713
time_d2h_ms=0.244126
cpu_hash=15097454917468601085
gpu_hash=15097454917468601085
hash_match=true
