backend=gpu
n_it_max=1
adaptive_n_it=false
n_candidates=100 n_selected=16 n_removed=84
time_ms_mean=19.7711 time_ms_std=1.3654 time_ms_median=19.2623 time_ms_p95=23.7251
events_per_sec=50.579
peak_memory_mb=219.953
output_hash=15354313345049768045
time_h2d_ms=0.894384
time_d2h_ms=0.044563
cpu_hash=15354313345049768045
gpu_hash=15354313345049768045
hash_match=true
