backend=gpu
n_it_max=100
adaptive_n_it=false
n_candidates=1000 n_selected=413 n_removed=587
time_ms_mean=16.4587 time_ms_std=0.15288 time_ms_median=16.482 time_ms_p95=16.7691
events_per_sec=60.7581
peak_memory_mb=130.016
output_hash=8459361907627476446
time_h2d_ms=4.66552
time_d2h_ms=0.190376
cpu_hash=8459361907627476446
gpu_hash=8459361907627476446
hash_match=true
