backend=gpu
n_it_max=1
adaptive_n_it=false
n_candidates=10000 n_selected=666 n_removed=9334
time_ms_mean=142.744 time_ms_std=8.94874 time_ms_median=146.58 time_ms_p95=152.781
events_per_sec=7.00557
peak_memory_mb=819.887
output_hash=14346122170054636405
time_h2d_ms=42.2131
time_d2h_ms=0.075912
cpu_hash=14346122170054636405
gpu_hash=14346122170054636405
hash_match=true
