backend=gpu
n_it_max=10
adaptive_n_it=false
n_candidates=1000 n_selected=413 n_removed=587
time_ms_mean=20.9294 time_ms_std=0.288371 time_ms_median=21.098 time_ms_p95=21.2104
events_per_sec=47.7798
peak_memory_mb=159.152
output_hash=8459361907627476446
time_h2d_ms=4.72735
time_d2h_ms=0.204272
cpu_hash=8459361907627476446
gpu_hash=8459361907627476446
hash_match=true
