backend=gpu
n_it_max=5
adaptive_n_it=false
n_candidates=100 n_selected=83 n_removed=17
time_ms_mean=2.71544 time_ms_std=0.150184 time_ms_median=2.66041 time_ms_p95=3.03563
events_per_sec=368.265
peak_memory_mb=130.008
output_hash=519162315913759162
time_h2d_ms=1.03817
time_d2h_ms=0.071303
cpu_hash=519162315913759162
gpu_hash=519162315913759162
hash_match=true
