backend=gpu
n_it_max=50
adaptive_n_it=false
n_candidates=10000 n_selected=666 n_removed=9334
time_ms_mean=37.0371 time_ms_std=0.279131 time_ms_median=37.0184 time_ms_p95=37.5605
events_per_sec=27
peak_memory_mb=143.688
output_hash=14346122170054636405
time_h2d_ms=40.1732
time_d2h_ms=0.074549
cpu_hash=14346122170054636405
gpu_hash=14346122170054636405
hash_match=true
