backend=gpu
n_it_max=50
adaptive_n_it=false
n_candidates=1000 n_selected=19 n_removed=981
time_ms_mean=8.5189 time_ms_std=0.125428 time_ms_median=8.53076 time_ms_p95=8.69739
events_per_sec=117.386
peak_memory_mb=126.688
output_hash=716476003969489001
time_h2d_ms=4.51999
time_d2h_ms=0.04284
cpu_hash=716476003969489001
gpu_hash=716476003969489001
hash_match=true
