backend=gpu
n_it_max=1
adaptive_n_it=false
n_candidates=1000 n_selected=413 n_removed=587
time_ms_mean=73.4737 time_ms_std=2.76791 time_ms_median=72.0586 time_ms_p95=77.9141
events_per_sec=13.6103
peak_memory_mb=482.387
output_hash=8459361907627476446
time_h2d_ms=4.62744
time_d2h_ms=0.209392
cpu_hash=8459361907627476446
gpu_hash=8459361907627476446
hash_match=true
