backend=gpu
n_it_max=50
adaptive_n_it=false
n_candidates=100 n_selected=16 n_removed=84
time_ms_mean=5.71003 time_ms_std=0.137045 time_ms_median=5.70031 time_ms_p95=6.07941
events_per_sec=175.13
peak_memory_mb=124.066
output_hash=15354313345049768045
time_h2d_ms=0.902468
time_d2h_ms=0.044313
cpu_hash=15354313345049768045
gpu_hash=15354313345049768045
hash_match=true
