backend=gpu
n_it_max=100
adaptive_n_it=false
n_candidates=100 n_selected=97 n_removed=3
time_ms_mean=2.66659 time_ms_std=0.0498973 time_ms_median=2.65825 time_ms_p95=2.76118
events_per_sec=375.01
peak_memory_mb=130.023
output_hash=15031710749768669
time_h2d_ms=1.88516
time_d2h_ms=0.079469
cpu_hash=15031710749768669
gpu_hash=15031710749768669
hash_match=true
