backend=gpu
n_it_max=50
adaptive_n_it=false
n_candidates=10000 n_selected=2683 n_removed=7317
time_ms_mean=34.5545 time_ms_std=0.277039 time_ms_median=34.5074 time_ms_p95=35.1816
events_per_sec=28.9398
peak_memory_mb=147.988
output_hash=15097454917468601085
time_h2d_ms=41.2877
time_d2h_ms=0.18694
cpu_hash=15097454917468601085
gpu_hash=15097454917468601085
hash_match=true
