backend=gpu
n_it_max=5
adaptive_n_it=false
n_candidates=10000 n_selected=2683 n_removed=7317
time_ms_mean=51.1321 time_ms_std=1.15545 time_ms_median=50.9564 time_ms_p95=53.1721
events_per_sec=19.5572
peak_memory_mb=244.613
output_hash=15097454917468601085
time_h2d_ms=41.5427
time_d2h_ms=0.24574
cpu_hash=15097454917468601085
gpu_hash=15097454917468601085
hash_match=true
