backend=gpu
n_it_max=25
adaptive_n_it=false
n_candidates=100 n_selected=97 n_removed=3
time_ms_mean=1.8105 time_ms_std=0.0513891 time_ms_median=1.81282 time_ms_p95=1.92829
events_per_sec=552.335
peak_memory_mb=128.969
output_hash=15031710749768669
time_h2d_ms=1.88901
time_d2h_ms=0.087513
cpu_hash=15031710749768669
gpu_hash=15031710749768669
hash_match=true
