backend=gpu
n_it_max=100
adaptive_n_it=false
n_candidates=1000 n_selected=744 n_removed=256
time_ms_mean=8.62919 time_ms_std=0.141996 time_ms_median=8.62052 time_ms_p95=9.00313
events_per_sec=115.886
peak_memory_mb=130.691
output_hash=3455467726349387271
time_h2d_ms=5.43768
time_d2h_ms=0.306634
cpu_hash=3455467726349387271
gpu_hash=3455467726349387271
hash_match=true
