backend=gpu
n_it_max=25
adaptive_n_it=false
n_candidates=1000 n_selected=744 n_removed=256
time_ms_mean=9.26343 time_ms_std=0.189412 time_ms_median=9.22847 time_ms_p95=9.77679
events_per_sec=107.951
peak_memory_mb=135.691
output_hash=3455467726349387271
time_h2d_ms=5.39656
time_d2h_ms=0.302746
cpu_hash=3455467726349387271
gpu_hash=3455467726349387271
hash_match=true
