backend=gpu
n_it_max=100
adaptive_n_it=false
n_candidates=100 n_selected=83 n_removed=17
time_ms_mean=3.11662 time_ms_std=0.0457754 time_ms_median=3.11281 time_ms_p95=3.22768
events_per_sec=320.861
peak_memory_mb=123.574
output_hash=519162315913759162
time_h2d_ms=1.05152
time_d2h_ms=0.072456
cpu_hash=519162315913759162
gpu_hash=519162315913759162
hash_match=true
