backend=gpu
n_it_max=1
adaptive_n_it=false
n_candidates=10000 n_selected=20 n_removed=9980
time_ms_mean=95.6747 time_ms_std=2.49457 time_ms_median=95.2723 time_ms_p95=99.0701
events_per_sec=10.4521
peak_memory_mb=596.637
output_hash=1828567657085137221
time_h2d_ms=40.8995
time_d2h_ms=0.047298
cpu_hash=1828567657085137221
gpu_hash=1828567657085137221
hash_match=true
