backend=gpu
n_it_max=50
adaptive_n_it=false
n_candidates=100 n_selected=83 n_removed=17
time_ms_mean=2.5508 time_ms_std=0.0438039 time_ms_median=2.53831 time_ms_p95=2.65877
events_per_sec=392.033
peak_memory_mb=133.801
output_hash=519162315913759162
time_h2d_ms=1.01484
time_d2h_ms=0.075993
cpu_hash=519162315913759162
gpu_hash=519162315913759162
hash_match=true
