backend=gpu
n_it_max=5
adaptive_n_it=false
n_candidates=10000 n_selected=20 n_removed=9980
time_ms_mean=35.3153 time_ms_std=0.85749 time_ms_median=35.2472 time_ms_p95=37.6898
events_per_sec=28.3163
peak_memory_mb=225.164
output_hash=1828567657085137221
time_h2d_ms=40.1707
time_d2h_ms=0.047759
cpu_hash=1828567657085137221
gpu_hash=1828567657085137221
hash_match=true
