backend=gpu
n_it_max=25
adaptive_n_it=false
n_candidates=10000 n_selected=666 n_removed=9334
time_ms_mean=36.6631 time_ms_std=0.203271 time_ms_median=36.6234 time_ms_p95=36.9131
events_per_sec=27.2754
peak_memory_mb=157.188
output_hash=14346122170054636405
time_h2d_ms=29.6411
time_d2h_ms=0.067547
cpu_hash=14346122170054636405
gpu_hash=14346122170054636405
hash_match=true
