backend=gpu
n_it_max=100
adaptive_n_it=false
n_candidates=100 n_selected=16 n_removed=84
time_ms_mean=5.5168 time_ms_std=0.0690594 time_ms_median=5.50251 time_ms_p95=5.70698
events_per_sec=181.265
peak_memory_mb=125.371
output_hash=15354313345049768045
time_h2d_ms=0.885106
time_d2h_ms=0.04302
cpu_hash=15354313345049768045
gpu_hash=15354313345049768045
hash_match=true
