backend=gpu
n_it_max=5
adaptive_n_it=false
n_candidates=1000 n_selected=19 n_removed=981
time_ms_mean=12.9002 time_ms_std=0.324731 time_ms_median=13.142 time_ms_p95=13.3408
events_per_sec=77.5181
peak_memory_mb=158.418
output_hash=716476003969489001
time_h2d_ms=4.57021
time_d2h_ms=0.041027
cpu_hash=716476003969489001
gpu_hash=716476003969489001
hash_match=true
