backend=gpu
n_it_max=1
adaptive_n_it=false
n_candidates=100 n_selected=83 n_removed=17
time_ms_mean=5.1255 time_ms_std=0.332022 time_ms_median=5.14166 time_ms_p95=5.71815
events_per_sec=195.103
peak_memory_mb=143.445
output_hash=519162315913759162
time_h2d_ms=1.05777
time_d2h_ms=0.075371
cpu_hash=519162315913759162
gpu_hash=519162315913759162
hash_match=true
