backend=gpu
n_it_max=25
adaptive_n_it=false
n_candidates=10000 n_selected=2683 n_removed=7317
time_ms_mean=36.4833 time_ms_std=0.37773 time_ms_median=36.3921 time_ms_p95=37.1733
events_per_sec=27.4098
peak_memory_mb=156.984
output_hash=15097454917468601085
time_h2d_ms=41.0325
time_d2h_ms=0.188422
cpu_hash=15097454917468601085
gpu_hash=15097454917468601085
hash_match=true
