backend=gpu
n_it_max=50
adaptive_n_it=false
n_candidates=10000 n_selected=20 n_removed=9980
time_ms_mean=21.1974 time_ms_std=0.205382 time_ms_median=21.2778 time_ms_p95=21.5909
events_per_sec=47.1755
peak_memory_mb=138.637
output_hash=1828567657085137221
time_h2d_ms=40.4259
time_d2h_ms=0.046637
cpu_hash=1828567657085137221
gpu_hash=1828567657085137221
hash_match=true
