backend=gpu
n_it_max=25
adaptive_n_it=false
n_candidates=100 n_selected=83 n_removed=17
time_ms_mean=2.26757 time_ms_std=0.04374 time_ms_median=2.27101 time_ms_p95=2.3748
events_per_sec=441
peak_memory_mb=123.98
output_hash=519162315913759162
time_h2d_ms=1.04032
time_d2h_ms=0.069229
cpu_hash=519162315913759162
gpu_hash=519162315913759162
hash_match=true
