backend=gpu
n_it_max=10
adaptive_n_it=false
n_candidates=10000 n_selected=2683 n_removed=7317
time_ms_mean=41.7598 time_ms_std=0.289671 time_ms_median=41.8426 time_ms_p95=42.219
events_per_sec=23.9464
peak_memory_mb=190.488
output_hash=15097454917468601085
time_h2d_ms=41.9452
time_d2h_ms=0.193122
cpu_hash=15097454917468601085
gpu_hash=15097454917468601085
hash_match=true
