backend=gpu
n_it_max=10
adaptive_n_it=false
n_candidates=1000 n_selected=19 n_removed=981
time_ms_mean=10.4423 time_ms_std=0.31496 time_ms_median=10.4714 time_ms_p95=11.1212
events_per_sec=95.7644
peak_memory_mb=139.727
output_hash=716476003969489001
time_h2d_ms=4.77836
time_d2h_ms=0.04269
cpu_hash=716476003969489001
gpu_hash=716476003969489001
hash_match=true
