backend=gpu
n_it_max=5
adaptive_n_it=false
n_candidates=10000 n_selected=666 n_removed=9334
time_ms_mean=56.7702 time_ms_std=1.10793 time_ms_median=56.5813 time_ms_p95=59.9894
events_per_sec=17.6149
peak_memory_mb=266.969
output_hash=14346122170054636405
time_h2d_ms=41.0129
time_d2h_ms=0.083526
cpu_hash=14346122170054636405
gpu_hash=14346122170054636405
hash_match=true
