backend=gpu
n_it_max=10
adaptive_n_it=false
n_candidates=100 n_selected=16 n_removed=84
time_ms_mean=6.7635 time_ms_std=0.234833 time_ms_median=6.84925 time_ms_p95=7.16912
events_per_sec=147.852
peak_memory_mb=134.559
output_hash=15354313345049768045
time_h2d_ms=0.87156
time_d2h_ms=0.042871
cpu_hash=15354313345049768045
gpu_hash=15354313345049768045
hash_match=true
