backend=gpu
n_it_max=50
adaptive_n_it=false
n_candidates=1000 n_selected=744 n_removed=256
time_ms_mean=8.97083 time_ms_std=0.159344 time_ms_median=8.97769 time_ms_p95=9.31269
events_per_sec=111.472
peak_memory_mb=130.574
output_hash=3455467726349387271
time_h2d_ms=5.46205
time_d2h_ms=0.303358
cpu_hash=3455467726349387271
gpu_hash=3455467726349387271
hash_match=true
