backend=gpu
n_it_max=50
adaptive_n_it=false
n_candidates=1000 n_selected=413 n_removed=587
time_ms_mean=16.533 time_ms_std=0.190098 time_ms_median=16.4846 time_ms_p95=17.0258
events_per_sec=60.4851
peak_memory_mb=130.973
output_hash=8459361907627476446
time_h2d_ms=4.63175
time_d2h_ms=0.209662
cpu_hash=8459361907627476446
gpu_hash=8459361907627476446
hash_match=true
