backend=gpu
n_it_max=10
adaptive_n_it=false
n_candidates=100 n_selected=97 n_removed=3
time_ms_mean=1.67029 time_ms_std=0.0630434 time_ms_median=1.6614 time_ms_p95=1.78268
events_per_sec=598.699
peak_memory_mb=126.973
output_hash=15031710749768669
time_h2d_ms=1.96014
time_d2h_ms=0.078547
cpu_hash=15031710749768669
gpu_hash=15031710749768669
hash_match=true
