backend=gpu
n_it_max=100
adaptive_n_it=false
n_candidates=1000 n_selected=19 n_removed=981
time_ms_mean=8.2097 time_ms_std=0.131796 time_ms_median=8.19089 time_ms_p95=8.56491
events_per_sec=121.807
peak_memory_mb=125.469
output_hash=716476003969489001
time_h2d_ms=4.61601
time_d2h_ms=0.039955
cpu_hash=716476003969489001
gpu_hash=716476003969489001
hash_match=true
