backend=gpu
n_it_max=5
adaptive_n_it=false
n_candidates=100 n_selected=16 n_removed=84
time_ms_mean=8.17767 time_ms_std=0.336317 time_ms_median=8.18015 time_ms_p95=8.87692
events_per_sec=122.284
peak_memory_mb=140.004
output_hash=15354313345049768045
time_h2d_ms=0.870929
time_d2h_ms=0.041868
cpu_hash=15354313345049768045
gpu_hash=15354313345049768045
hash_match=true
