backend=gpu
n_it_max=5
adaptive_n_it=false
n_candidates=1000 n_selected=744 n_removed=256
time_ms_mean=13.2938 time_ms_std=0.330485 time_ms_median=13.392 time_ms_p95=13.7387
events_per_sec=75.2229
peak_memory_mb=158.809
output_hash=3455467726349387271
time_h2d_ms=5.49675
time_d2h_ms=0.307004
cpu_hash=3455467726349387271
gpu_hash=3455467726349387271
hash_match=true
