backend=gpu
n_it_max=10
adaptive_n_it=false
n_candidates=500 n_selected=412 n_removed=88
time_ms_mean=6.1891 time_ms_std=0.199665 time_ms_median=6.19262 time_ms_p95=6.69766
events_per_sec=161.574
peak_memory_mb=134.566
output_hash=7250092710374272673
time_h2d_ms=3.4065
time_d2h_ms=0.191869
cpu_hash=7250092710374272673
gpu_hash=7250092710374272673
hash_match=true
