backend=gpu
n_it_max=10
adaptive_n_it=false
n_candidates=500 n_selected=19 n_removed=481
time_ms_mean=9.44516 time_ms_std=0.320393 time_ms_median=9.39637 time_ms_p95=9.95729
events_per_sec=105.874
peak_memory_mb=143.645
output_hash=1868573338117412882
time_h2d_ms=2.50163
time_d2h_ms=0.040666
cpu_hash=1868573338117412882
gpu_hash=1868573338117412882
hash_match=true
