backend=gpu
n_it_max=1
adaptive_n_it=false
n_candidates=500 n_selected=19 n_removed=481
time_ms_mean=31.3535 time_ms_std=0.950002 time_ms_median=31.0367 time_ms_p95=34.0539
events_per_sec=31.8943
peak_memory_mb=283.168
output_hash=1868573338117412882
time_h2d_ms=2.54993
time_d2h_ms=0.044463
cpu_hash=1868573338117412882
gpu_hash=1868573338117412882
hash_match=true
