backend=gpu
n_it_max=5
adaptive_n_it=false
n_candidates=500 n_selected=412 n_removed=88
time_ms_mean=7.88088 time_ms_std=0.393361 time_ms_median=7.72231 time_ms_p95=8.55556
events_per_sec=126.889
peak_memory_mb=145.738
output_hash=7250092710374272673
time_h2d_ms=3.42033
time_d2h_ms=0.205294
cpu_hash=7250092710374272673
gpu_hash=7250092710374272673
hash_match=true
