backend=gpu
n_it_max=50
adaptive_n_it=false
n_candidates=5000 n_selected=17 n_removed=4983
time_ms_mean=13.8699 time_ms_std=0.187842 time_ms_median=13.8009 time_ms_p95=14.2995
events_per_sec=72.0985
peak_memory_mb=131.008
output_hash=9013800189151291628
time_h2d_ms=20.666
time_d2h_ms=0.042269
cpu_hash=9013800189151291628
gpu_hash=9013800189151291628
hash_match=true
