backend=gpu
n_it_max=10
adaptive_n_it=false
n_candidates=500 n_selected=278 n_removed=222
time_ms_mean=13.1736 time_ms_std=1.93554 time_ms_median=12.5398 time_ms_p95=18.9238
events_per_sec=75.9091
peak_memory_mb=149.207
output_hash=3811034775190360303
time_h2d_ms=2.62486
time_d2h_ms=0.150602
cpu_hash=3811034775190360303
gpu_hash=3811034775190360303
hash_match=true
