backend=gpu
n_it_max=50
adaptive_n_it=false
n_candidates=5000 n_selected=2070 n_removed=2930
time_ms_mean=27.4234 time_ms_std=0.215142 time_ms_median=27.3591 time_ms_p95=27.8557
events_per_sec=36.4653
peak_memory_mb=144.844
output_hash=6886201732410547882
time_h2d_ms=21.4325
time_d2h_ms=0.786191
cpu_hash=6886201732410547882
gpu_hash=6886201732410547882
hash_match=true
