backend=gpu
n_it_max=50
adaptive_n_it=false
n_candidates=500 n_selected=412 n_removed=88
time_ms_mean=5.41487 time_ms_std=0.136604 time_ms_median=5.40032 time_ms_p95=5.78597
events_per_sec=184.677
peak_memory_mb=129.68
output_hash=7250092710374272673
time_h2d_ms=3.45091
time_d2h_ms=0.19266
cpu_hash=7250092710374272673
gpu_hash=7250092710374272673
hash_match=true
