backend=gpu
n_it_max=50
adaptive_n_it=false
n_candidates=500 n_selected=19 n_removed=481
time_ms_mean=7.38433 time_ms_std=0.152068 time_ms_median=7.34984 time_ms_p95=7.7289
events_per_sec=135.422
peak_memory_mb=125.707
output_hash=1868573338117412882
time_h2d_ms=2.51389
time_d2h_ms=0.041778
cpu_hash=1868573338117412882
gpu_hash=1868573338117412882
hash_match=true
