backend=gpu
n_it_max=25
adaptive_n_it=false
n_candidates=500 n_selected=412 n_removed=88
time_ms_mean=5.77957 time_ms_std=0.171209 time_ms_median=5.78752 time_ms_p95=6.09546
events_per_sec=173.023
peak_memory_mb=130.188
output_hash=7250092710374272673
time_h2d_ms=3.43598
time_d2h_ms=0.194113
cpu_hash=7250092710374272673
gpu_hash=7250092710374272673
hash_match=true
