backend=gpu
n_it_max=5
adaptive_n_it=false
n_candidates=5000 n_selected=2070 n_removed=2930
time_ms_mean=41.2348 time_ms_std=1.29499 time_ms_median=40.9632 time_ms_p95=44.9401
events_per_sec=24.2513
peak_memory_mb=230.551
output_hash=6886201732410547882
time_h2d_ms=20.7813
time_d2h_ms=0.776824
cpu_hash=6886201732410547882
gpu_hash=6886201732410547882
hash_match=true
