backend=gpu
n_it_max=100
adaptive_n_it=false
n_candidates=500 n_selected=19 n_removed=481
time_ms_mean=7.68471 time_ms_std=0.146234 time_ms_median=7.67471 time_ms_p95=8.05077
events_per_sec=130.128
peak_memory_mb=133.117
output_hash=1868573338117412882
time_h2d_ms=2.4756
time_d2h_ms=0.042018
cpu_hash=1868573338117412882
gpu_hash=1868573338117412882
hash_match=true
