backend=gpu
n_it_max=25
adaptive_n_it=false
n_candidates=5000 n_selected=2070 n_removed=2930
time_ms_mean=28.5104 time_ms_std=0.248023 time_ms_median=28.3904 time_ms_p95=29.1221
events_per_sec=35.0749
peak_memory_mb=153.34
output_hash=6886201732410547882
time_h2d_ms=21.1056
time_d2h_ms=0.765442
cpu_hash=6886201732410547882
gpu_hash=6886201732410547882
hash_match=true
