backend=gpu
n_it_max=100
adaptive_n_it=false
n_candidates=5000 n_selected=17 n_removed=4983
time_ms_mean=13.3694 time_ms_std=0.102034 time_ms_median=13.3378 time_ms_p95=13.5547
events_per_sec=74.7977
peak_memory_mb=130.543
output_hash=9013800189151291628
time_h2d_ms=20.4285
time_d2h_ms=0.041348
cpu_hash=9013800189151291628
gpu_hash=9013800189151291628
hash_match=true
