backend=gpu
n_it_max=10
adaptive_n_it=false
n_candidates=5000 n_selected=17 n_removed=4983
time_ms_mean=17.5106 time_ms_std=0.323147 time_ms_median=17.4158 time_ms_p95=18.0715
events_per_sec=57.1083
peak_memory_mb=159.617
output_hash=9013800189151291628
time_h2d_ms=20.3586
time_d2h_ms=0.043632
cpu_hash=9013800189151291628
gpu_hash=9013800189151291628
hash_match=true
