backend=gpu
n_it_max=10
adaptive_n_it=false
n_candidates=5000 n_selected=2070 n_removed=2930
time_ms_mean=33.0786 time_ms_std=0.523349 time_ms_median=33.1023 time_ms_p95=34.2347
events_per_sec=30.231
peak_memory_mb=189.535
output_hash=6886201732410547882
time_h2d_ms=21.4738
time_d2h_ms=0.790709
cpu_hash=6886201732410547882
gpu_hash=6886201732410547882
hash_match=true
