backend=gpu
n_it_max=100
adaptive_n_it=false
n_candidates=500 n_selected=412 n_removed=88
time_ms_mean=5.21948 time_ms_std=0.0432771 time_ms_median=5.21023 time_ms_p95=5.31857
events_per_sec=191.59
peak_memory_mb=127.664
output_hash=7250092710374272673
time_h2d_ms=3.46251
time_d2h_ms=0.205144
cpu_hash=7250092710374272673
gpu_hash=7250092710374272673
hash_match=true
