backend=gpu
n_it_max=5
adaptive_n_it=false
n_candidates=5000 n_selected=623 n_removed=4377
time_ms_mean=46.779 time_ms_std=0.577203 time_ms_median=46.6305 time_ms_p95=48.3845
events_per_sec=21.3771
peak_memory_mb=264.254
output_hash=12254241320129741353
time_h2d_ms=14.6376
time_d2h_ms=0.070823
cpu_hash=12254241320129741353
gpu_hash=12254241320129741353
hash_match=true
