backend=gpu
n_it_max=5
adaptive_n_it=false
n_candidates=5000 n_selected=17 n_removed=4983
time_ms_mean=21.6452 time_ms_std=0.249997 time_ms_median=21.6708 time_ms_p95=21.9595
events_per_sec=46.1997
peak_memory_mb=193.824
output_hash=9013800189151291628
time_h2d_ms=21.0818
time_d2h_ms=0.041207
cpu_hash=9013800189151291628
gpu_hash=9013800189151291628
hash_match=true
