backend=gpu
n_it_max=100
adaptive_n_it=false
n_candidates=500 n_selected=278 n_removed=222
time_ms_mean=9.09013 time_ms_std=0.133629 time_ms_median=9.07412 time_ms_p95=9.44811
events_per_sec=110.009
peak_memory_mb=126.824
output_hash=3811034775190360303
time_h2d_ms=2.57853
time_d2h_ms=0.135473
cpu_hash=3811034775190360303
gpu_hash=3811034775190360303
hash_match=true
