backend=gpu
n_it_max=1
adaptive_n_it=false
n_candidates=5000 n_selected=623 n_removed=4377
time_ms_mean=124.237 time_ms_std=11.2763 time_ms_median=123.198 time_ms_p95=145.001
events_per_sec=8.04914
peak_memory_mb=830.188
output_hash=12254241320129741353
time_h2d_ms=20.7183
time_d2h_ms=0.073928
cpu_hash=12254241320129741353
gpu_hash=12254241320129741353
hash_match=true
