backend=gpu
n_it_max=50
adaptive_n_it=false
n_candidates=5000 n_selected=623 n_removed=4377
time_ms_mean=36.0087 time_ms_std=0.28651 time_ms_median=35.9993 time_ms_p95=36.5835
events_per_sec=27.771
peak_memory_mb=141.055
output_hash=12254241320129741353
time_h2d_ms=20.9584
time_d2h_ms=0.073417
cpu_hash=12254241320129741353
gpu_hash=12254241320129741353
hash_match=true
