backend=gpu
n_it_max=50
adaptive_n_it=false
n_candidates=500 n_selected=278 n_removed=222
time_ms_mean=9.41349 time_ms_std=0.151739 time_ms_median=9.41626 time_ms_p95=9.74184
events_per_sec=106.231
peak_memory_mb=129.105
output_hash=3811034775190360303
time_h2d_ms=2.63244
time_d2h_ms=0.146394
cpu_hash=3811034775190360303
gpu_hash=3811034775190360303
hash_match=true
