backend=gpu
n_it_max=1
adaptive_n_it=false
n_candidates=5000 n_selected=2070 n_removed=2930
time_ms_mean=104.213 time_ms_std=2.36768 time_ms_median=103.806 time_ms_p95=107.248
events_per_sec=9.5957
peak_memory_mb=625.594
output_hash=6886201732410547882
time_h2d_ms=21.4666
time_d2h_ms=0.714567
cpu_hash=6886201732410547882
gpu_hash=6886201732410547882
hash_match=true
