backend=gpu
n_it_max=100
adaptive_n_it=false
n_candidates=5000 n_selected=2070 n_removed=2930
time_ms_mean=26.6001 time_ms_std=0.179345 time_ms_median=26.5337 time_ms_p95=27.0845
events_per_sec=37.5939
peak_memory_mb=139.34
output_hash=6886201732410547882
time_h2d_ms=21.3174
time_d2h_ms=0.777545
cpu_hash=6886201732410547882
gpu_hash=6886201732410547882
hash_match=true
