WARNING: GPU output hash does not match CPU reference
WARNING: GPU selected 1000 tracks but CPU selected 19
backend=gpu
n_candidates=1000 n_selected=1000 n_removed=0
time_ms_mean=6.49073 time_ms_std=1.6696 time_ms_median=5.78625 time_ms_p95=10.9702
events_per_sec=154.066
peak_memory_mb=134.223
output_hash=12363942929359528954
time_h2d_ms=4.71071
time_d2h_ms=0.458769
cpu_hash=716476003969489001
gpu_hash=12363942929359528954
hash_match=false
