WARNING: GPU output hash does not match CPU reference
WARNING: GPU selected 1000 tracks but CPU selected 413
backend=gpu
n_candidates=1000 n_selected=1000 n_removed=0
time_ms_mean=6.8679 time_ms_std=2.84317 time_ms_median=5.89736 time_ms_p95=15.393
events_per_sec=145.605
peak_memory_mb=129.469
output_hash=3160281853914739856
time_h2d_ms=4.96915
time_d2h_ms=0.414215
cpu_hash=8459361907627476446
gpu_hash=3160281853914739856
hash_match=false
