WARNING: GPU output hash does not match CPU reference
WARNING: GPU selected 5000 tracks but CPU selected 623
backend=gpu
n_candidates=5000 n_selected=5000 n_removed=0
time_ms_mean=10.1707 time_ms_std=4.19069 time_ms_median=7.71757 time_ms_p95=17.7819
events_per_sec=98.3214
peak_memory_mb=133.227
output_hash=12184410747937772649
time_h2d_ms=20.6944
time_d2h_ms=1.65563
cpu_hash=12254241320129741353
gpu_hash=12184410747937772649
hash_match=false
