WARNING: GPU output hash does not match CPU reference
WARNING: GPU selected 1800 tracks but CPU selected 17
backend=gpu
n_candidates=5000 n_selected=1800 n_removed=3200
time_ms_mean=10.9555 time_ms_std=3.96648 time_ms_median=9.06806 time_ms_p95=19.1364
events_per_sec=91.278
peak_memory_mb=137.844
output_hash=14095054039299743803
time_h2d_ms=20.3611
time_d2h_ms=0.747809
cpu_hash=9013800189151291628
gpu_hash=14095054039299743803
hash_match=false
