n_candidates=1167 n_selected=442 n_removed=725
time_ms_mean=6.92992 time_ms_std=0.0429115 time_ms_median=6.92351 time_ms_p95=7.04487
events_per_sec=144.302
peak_memory_mb=13.5
output_hash=12417706988676069117
