n_candidates=1167 n_selected=840 n_removed=327
time_ms_mean=5.72621 time_ms_std=0.0563844 time_ms_median=5.7399 time_ms_p95=5.81529
events_per_sec=174.636
peak_memory_mb=16
output_hash=8567206790244965229
