n_candidates=56 n_selected=55 n_removed=1
time_ms_mean=0.165618 time_ms_std=0.00574578 time_ms_median=0.162504 time_ms_p95=0.180768
events_per_sec=6037.98
peak_memory_mb=14.5
output_hash=3304185124187195338
