n_candidates=602 n_selected=318 n_removed=284
time_ms_mean=2.88523 time_ms_std=0.0394789 time_ms_median=2.8737 time_ms_p95=2.96502
events_per_sec=346.593
peak_memory_mb=13
output_hash=13625381087016553137
