n_candidates=154 n_selected=124 n_removed=30
time_ms_mean=0.492993 time_ms_std=0.0128806 time_ms_median=0.489185 time_ms_p95=0.538347
events_per_sec=2028.43
peak_memory_mb=12.5
output_hash=15209695609818107582
