n_candidates=307 n_selected=202 n_removed=105
time_ms_mean=1.1783 time_ms_std=0.0212021 time_ms_median=1.17206 time_ms_p95=1.25836
events_per_sec=848.681
peak_memory_mb=12.5
output_hash=15417004588032831796
