n_candidates=307 n_selected=272 n_removed=35
time_ms_mean=1.14418 time_ms_std=0.0216126 time_ms_median=1.13904 time_ms_p95=1.23392
events_per_sec=873.99
peak_memory_mb=14.5
output_hash=7045807647317660439
