n_candidates=821 n_selected=634 n_removed=187
time_ms_mean=3.60006 time_ms_std=0.0237894 time_ms_median=3.6011 time_ms_p95=3.66041
events_per_sec=277.773
peak_memory_mb=15.5
output_hash=12823591615750219156
