backend=gpu
n_it_max=100
adaptive_n_it=true
n_candidates=307 n_selected=272 n_removed=35
time_ms_mean=3.38514 time_ms_std=0.101279 time_ms_median=3.37224 time_ms_p95=3.77289
events_per_sec=295.409
peak_memory_mb=137.742
output_hash=7045807647317660439
time_h2d_ms=2.7762
time_d2h_ms=0.145402
cpu_hash=7045807647317660439
gpu_hash=7045807647317660439
hash_match=true
