backend=gpu
n_it_max=100
adaptive_n_it=true
n_candidates=1167 n_selected=840 n_removed=327
time_ms_mean=9.24471 time_ms_std=0.144046 time_ms_median=9.23045 time_ms_p95=9.6036
events_per_sec=108.17
peak_memory_mb=137.051
output_hash=8567206790244965229
time_h2d_ms=6.17749
time_d2h_ms=0.35789
cpu_hash=8567206790244965229
gpu_hash=8567206790244965229
hash_match=true
