backend=gpu
n_it_max=100
adaptive_n_it=true
n_candidates=821 n_selected=376 n_removed=445
time_ms_mean=14.6949 time_ms_std=0.184615 time_ms_median=14.6338 time_ms_p95=15.3196
events_per_sec=68.0508
peak_memory_mb=131.523
output_hash=2333376248841611569
time_h2d_ms=3.82882
time_d2h_ms=0.177683
cpu_hash=2333376248841611569
gpu_hash=2333376248841611569
hash_match=true
