backend=gpu
n_it_max=100
adaptive_n_it=true
n_candidates=602 n_selected=318 n_removed=284
time_ms_mean=10.8519 time_ms_std=0.196426 time_ms_median=10.8041 time_ms_p95=11.5169
events_per_sec=92.1494
peak_memory_mb=131.359
output_hash=13625381087016553137
time_h2d_ms=3.04333
time_d2h_ms=0.1708
cpu_hash=13625381087016553137
gpu_hash=13625381087016553137
hash_match=true
