backend=gpu
n_it_max=100
adaptive_n_it=true
n_candidates=154 n_selected=145 n_removed=9
time_ms_mean=2.10016 time_ms_std=0.09576 time_ms_median=2.07423 time_ms_p95=2.45289
events_per_sec=476.154
peak_memory_mb=126.98
output_hash=3883859983489463188
time_h2d_ms=2.09432
time_d2h_ms=0.103714
cpu_hash=3883859983489463188
gpu_hash=3883859983489463188
hash_match=true
