backend=gpu
n_it_max=100
adaptive_n_it=true
n_candidates=307 n_selected=202 n_removed=105
time_ms_mean=6.22789 time_ms_std=0.182204 time_ms_median=6.21596 time_ms_p95=6.75711
events_per_sec=160.568
peak_memory_mb=127.672
output_hash=15417004588032831796
time_h2d_ms=1.84777
time_d2h_ms=0.120746
cpu_hash=15417004588032831796
gpu_hash=15417004588032831796
hash_match=true
