backend=gpu
n_it_max=100
adaptive_n_it=true
n_candidates=821 n_selected=634 n_removed=187
time_ms_mean=7.61788 time_ms_std=0.139748 time_ms_median=7.59336 time_ms_p95=7.99695
events_per_sec=131.27
peak_memory_mb=136.895
output_hash=12823591615750219156
time_h2d_ms=4.8223
time_d2h_ms=0.29393
cpu_hash=12823591615750219156
gpu_hash=12823591615750219156
hash_match=true
