backend=gpu
n_it_max=100
adaptive_n_it=true
n_candidates=1167 n_selected=442 n_removed=725
time_ms_mean=17.8252 time_ms_std=0.198062 time_ms_median=17.7706 time_ms_p95=18.4746
events_per_sec=56.1003
peak_memory_mb=133.148
output_hash=12417706988676069117
time_h2d_ms=5.37068
time_d2h_ms=0.205875
cpu_hash=12417706988676069117
gpu_hash=12417706988676069117
hash_match=true
