backend=gpu
n_it_max=100
adaptive_n_it=true
n_candidates=1770 n_selected=1129 n_removed=641
time_ms_mean=13.8568 time_ms_std=0.183801 time_ms_median=13.797 time_ms_p95=14.379
events_per_sec=72.1667
peak_memory_mb=146.27
output_hash=6135446608307773964
time_h2d_ms=8.6262
time_d2h_ms=0.469478
cpu_hash=6135446608307773964
gpu_hash=6135446608307773964
hash_match=true
