backend=gpu
n_it_max=100
adaptive_n_it=true
n_candidates=602 n_selected=486 n_removed=116
time_ms_mean=5.32026 time_ms_std=0.0804328 time_ms_median=5.31867 time_ms_p95=5.60052
events_per_sec=187.961
peak_memory_mb=128.32
output_hash=9620283133769553963
time_h2d_ms=3.93268
time_d2h_ms=0.236743
cpu_hash=9620283133769553963
gpu_hash=9620283133769553963
hash_match=true
